1: 0.022807  0.004778  0.000808  0.001567  0.000129  0.000670  0.000247  0.000370  0.000512  0.000214  0.000056  0.000161  0.000178  0.000142 
2: 0.035952  0.007534  0.003338  0.002229  0.001940  0.000942  0.000225  0.000765  0.001098  0.000631  0.000056  0.000238  0.000130  0.000668 
3: 0.027447  0.002753  0.001257  0.000898  0.001306  0.000154  0.000150  0.000091  0.000207  0.000266  0.000101  0.000293  0.000206  0.000480 
4: 0.019638  0.003645  0.001049  0.000847  0.000863  0.001020  0.000174  0.000082  0.000004  0.000076  0.000170  0.000191  0.000164  0.000130 
5: 0.032682  0.005954  0.000584  0.001743  0.000448  0.000861  0.000240  0.000647  0.000133  0.000182  0.000602  0.000334  0.000226  0.000141 
7: 0.070293  0.033864  0.012078  0.013392  0.011985  0.010704  0.007615  0.006819  0.007383  0.005758  0.006296  0.005402  0.004284  0.004691 
8: 0.031614  0.012658  0.000287  0.001600  0.000530  0.001400  0.000691  0.000757  0.000181  0.000556  0.000824  0.000140  0.000128  0.000299 
9: 0.045780  0.016319  0.002430  0.001017  0.002117  0.001729  0.000523  0.000893  0.000874  0.000476  0.000554  0.000794  0.000341  0.000257 
11: 0.020767  0.010292  0.000332  0.001229  0.000350  0.000358  0.000238  0.000267  0.000058  0.000555  0.000094  0.000462  0.000050  0.000280 
12: 0.016812  0.006994  0.000778  0.000085  0.000284  0.000873  0.000118  0.000420  0.000410  0.000063  0.000159  0.000055  0.000077  0.000053 
13: 0.031649  0.007931  0.002138  0.001360  0.000531  0.001845  0.000501  0.000106  0.000681  0.000481  0.000439  0.000189  0.000440  0.000195 
14: 0.018361  0.008650  0.000520  0.000737  0.000588  0.000285  0.000351  0.000391  0.000223  0.000273  0.000109  0.000186  0.000118  0.000187 
18: 0.018042  0.005428  0.000655  0.000120  0.000627  0.000426  0.000054  0.000443  0.000278  0.000247  0.000227  0.000128  0.000124  0.000159 
20: 0.034508  0.014300  0.002383  0.004309  0.001838  0.001960  0.000776  0.000281  0.000685  0.000659  0.000450  0.000495  0.000255  0.000468 
22: 0.029407  0.008252  0.002841  0.002606  0.001869  0.001321  0.001554  0.000653  0.000137  0.000527  0.000376  0.000116  0.000260  0.000066 
29: 0.027643  0.008905  0.000449  0.001138  0.000742  0.000320  0.000861  0.000386  0.000387  0.000339  0.000418  0.000340  0.000055  0.000235 
30: 0.029104  0.013221  0.000926  0.001587  0.000606  0.000677  0.000123  0.000266  0.000397  0.000205  0.000248  0.000384  0.000208  0.000174 
31: 0.022030  0.006475  0.001451  0.000931  0.000552  0.000719  0.000698  0.000467  0.000130  0.000215  0.000133  0.000200  0.000168  0.000134 
33: 0.042157  0.013727  0.003209  0.003910  0.000962  0.001781  0.001615  0.001062  0.000439  0.000898  0.000545  0.000876  0.000169  0.000263 
35: 0.016321  0.006452  0.000962  0.000357  0.000314  0.000336  0.000351  0.000077  0.000134  0.000035  0.000256  0.000142  0.000015  0.000181 
36: 0.023286  0.012446  0.000406  0.000291  0.000613  0.000864  0.000071  0.000381  0.000241  0.000186  0.000083  0.000300  0.000052  0.000123 
37: 0.022144  0.006550  0.001547  0.000424  0.001553  0.000031  0.000161  0.000239  0.000179  0.000072  0.000118  0.000190  0.000072  0.000110 
38: 0.019157  0.005832  0.000301  0.001402  0.000893  0.000893  0.000183  0.000245  0.000216  0.000013  0.000151  0.000240  0.000052  0.000041 
40: 0.038737  0.015208  0.002153  0.001314  0.001337  0.002107  0.001348  0.000431  0.000166  0.000384  0.000011  0.000967  0.000399  0.000759 
43: 0.031499  0.019702  0.001804  0.002074  0.000163  0.001478  0.000480  0.000676  0.000217  0.000216  0.000377  0.000281  0.000340  0.000364 
46: 0.035451  0.005428  0.002177  0.003087  0.000413  0.000914  0.000736  0.000221  0.000588  0.000388  0.000244  0.000181  0.000236  0.000043 
53: 0.020952  0.005979  0.000274  0.000997  0.000505  0.000843  0.000169  0.000117  0.000095  0.000141  0.000136  0.000131  0.000130  0.000088 
59: 0.023725  0.008788  0.001032  0.000673  0.000635  0.000444  0.000411  0.000375  0.000286  0.000458  0.000193  0.000141  0.000055  0.000138 
60: 0.060773  0.047836  0.002397  0.007285  0.001797  0.002677  0.001033  0.001369  0.000203  0.000123  0.000367  0.000815  0.000862  0.001258 
61: 0.019996  0.003678  0.001652  0.001222  0.001090  0.000330  0.000374  0.000184  0.000116  0.000084  0.000329  0.000170  0.000211  0.000261 
62: 0.044061  0.003583  0.008262  0.003525  0.001742  0.000054  0.001586  0.001458  0.000585  0.000208  0.000551  0.000370  0.000336  0.000492 
64: 0.014406  0.002925  0.000725  0.001042  0.001088  0.000352  0.000846  0.000281  0.000342  0.000122  0.000181  0.000061  0.000107  0.000081 
70: 0.041336  0.012898  0.008606  0.004458  0.000365  0.001575  0.000857  0.000791  0.000969  0.000571  0.000336  0.000636  0.000314  0.000497 
71: 0.028481  0.012806  0.001096  0.000830  0.000419  0.000600  0.000627  0.000444  0.000214  0.000252  0.000149  0.000101  0.000106  0.000272 
72: 0.024446  0.006488  0.000966  0.002236  0.001516  0.000746  0.000193  0.000516  0.000063  0.000543  0.000553  0.000276  0.000104  0.000257 
73: 0.047078  0.006722  0.015805  0.002149  0.002149  0.001452  0.001368  0.000974  0.000643  0.000830  0.000298  0.000227  0.000257  0.000226 
75: 0.047279  0.014139  0.003306  0.001512  0.001770  0.001469  0.001063  0.001811  0.001205  0.000366  0.000912  0.000453  0.000667  0.000234 
79: 0.036847  0.019707  0.000980  0.001254  0.001658  0.000425  0.000621  0.000418  0.000817  0.000306  0.000851  0.000254  0.000078  0.000074 
80: 0.029816  0.010784  0.006741  0.001914  0.001325  0.000591  0.001570  0.001128  0.000985  0.000621  0.000863  0.000653  0.000928  0.000750 
82: 0.025209  0.010013  0.000813  0.000094  0.000841  0.000972  0.000759  0.000452  0.000395  0.000071  0.000309  0.000080  0.000103  0.000006 
84: 0.019801  0.011191  0.000824  0.000529  0.000351  0.000568  0.000564  0.000581  0.000038  0.000096  0.000261  0.000255  0.000095  0.000192 
86: 0.021360  0.006552  0.001873  0.000247  0.000683  0.000648  0.000539  0.000247  0.000372  0.000288  0.000145  0.000486  0.000116  0.000146 
91: 0.024144  0.004532  0.001151  0.000340  0.001160  0.000371  0.000197  0.000141  0.000241  0.000271  0.000204  0.000208  0.000041  0.000164 
95: 0.039674  0.030592  0.003538  0.004992  0.001887  0.001107  0.001252  0.000517  0.000092  0.000907  0.000428  0.000363  0.000434  0.000401 
96: 0.015957  0.003892  0.000563  0.000643  0.000419  0.000161  0.000349  0.000071  0.000202  0.000045  0.000148  0.000075  0.000059  0.000136 
97: 0.018449  0.004530  0.000987  0.000863  0.000529  0.000539  0.000176  0.000153  0.000213  0.000126  0.000052  0.000051  0.000035  0.000041 
102: 0.020842  0.010625  0.001600  0.000892  0.000219  0.000201  0.000442  0.000135  0.000212  0.000053  0.000164  0.000068  0.000076  0.000284 
103: 0.033921  0.006100  0.001012  0.000767  0.002178  0.001810  0.000750  0.000190  0.000575  0.000148  0.000437  0.000609  0.000502  0.000364 
105: 0.021210  0.005702  0.001147  0.001057  0.000820  0.001164  0.000317  0.000417  0.000377  0.000407  0.000108  0.000205  0.000175  0.000150 
107: 0.022189  0.008561  0.001135  0.000904  0.001312  0.000553  0.000303  0.000129  0.000193  0.000133  0.000164  0.000178  0.000116  0.000193 
110: 0.018741  0.010079  0.000174  0.000703  0.000605  0.000197  0.000044  0.000226  0.000457  0.000013  0.000094  0.000084  0.000119  0.000048 
112: 0.015309  0.010665  0.000518  0.001092  0.000100  0.000274  0.000101  0.000109  0.000041  0.000214  0.000109  0.000084  0.000093  0.000176 
113: 0.024777  0.000658  0.000019  0.003355  0.000585  0.000969  0.000202  0.000437  0.000297  0.000238  0.000061  0.000154  0.000071  0.000385 
114: 0.050912  0.014838  0.003887  0.002796  0.001856  0.002588  0.000282  0.000762  0.001139  0.000680  0.000593  0.000065  0.000302  0.000672 
115: 0.040653  0.016758  0.002466  0.001836  0.002866  0.000879  0.000875  0.000226  0.000970  0.000420  0.000249  0.000553  0.000438  0.000312 
116: 0.016279  0.005964  0.002081  0.000608  0.000464  0.000981  0.000241  0.000146  0.000196  0.000164  0.000035  0.000121  0.000122  0.000151 
117: 0.037453  0.021943  0.002676  0.001171  0.001330  0.000611  0.001501  0.000536  0.001119  0.000662  0.000482  0.000852  0.000462  0.000539 
121: 0.020638  0.005962  0.002204  0.000315  0.001194  0.000823  0.000205  0.000193  0.000198  0.000331  0.000129  0.000206  0.000215  0.000147 
123: 0.048113  0.018779  0.002378  0.003472  0.001557  0.000921  0.000239  0.001171  0.000217  0.000743  0.000370  0.000040  0.000466  0.000374 
125: 0.043445  0.023848  0.002193  0.002764  0.001686  0.000901  0.001138  0.000965  0.001209  0.000550  0.000247  0.000212  0.000464  0.000280 
129: 0.045979  0.029897  0.000790  0.001455  0.001403  0.000736  0.001366  0.001315  0.000236  0.000521  0.000517  0.000113  0.000359  0.000406 
132: 0.029043  0.009599  0.002322  0.000960  0.000323  0.000394  0.000362  0.000170  0.000124  0.000445  0.000409  0.000186  0.000206  0.000333 
133: 0.042766  0.023484  0.000474  0.002046  0.001698  0.002007  0.000760  0.000663  0.000197  0.000746  0.000674  0.000940  0.000458  0.000114 
135: 0.038899  0.010274  0.002006  0.000245  0.002126  0.001775  0.000315  0.001103  0.000337  0.000161  0.000446  0.000519  0.000078  0.000151 
137: 0.021004  0.005075  0.003001  0.000327  0.000387  0.000324  0.000821  0.000260  0.000111  0.000267  0.000278  0.000316  0.000240  0.000158 
140: 0.037924  0.024242  0.001851  0.001272  0.001221  0.001380  0.000031  0.000285  0.000123  0.000488  0.000212  0.000453  0.000309  0.000157 
141: 0.039937  0.016715  0.001987  0.003245  0.000381  0.001059  0.001125  0.000321  0.000585  0.000094  0.000199  0.000130  0.000323  0.000254 
142: 0.032904  0.011759  0.001696  0.000512  0.000997  0.001219  0.000653  0.000672  0.000348  0.000289  0.000334  0.000009  0.000443  0.000138 
143: 0.031837  0.013647  0.002911  0.001934  0.000808  0.000512  0.000471  0.001112  0.000391  0.000359  0.000267  0.000388  0.000206  0.000330 
145: 0.015595  0.007445  0.000381  0.000058  0.000530  0.000132  0.000474  0.000167  0.000354  0.000109  0.000089  0.000014  0.000025  0.000077 
148: 0.060336  0.045666  0.004036  0.003006  0.001605  0.000755  0.001258  0.001381  0.000867  0.001522  0.000312  0.000667  0.000259  0.000288 
149: 0.035789  0.028091  0.001051  0.001514  0.001568  0.001022  0.000269  0.000982  0.000789  0.000604  0.000611  0.000354  0.000438  0.000325 
150: 0.033095  0.008695  0.001569  0.000878  0.001828  0.001051  0.000612  0.000555  0.000398  0.000702  0.000095  0.000220  0.000181  0.000178 
151: 0.035072  0.006133  0.002120  0.002697  0.000758  0.001160  0.001509  0.000461  0.000289  0.000223  0.000548  0.000399  0.000205  0.000333 
152: 0.032848  0.022149  0.002059  0.002511  0.000343  0.000969  0.000102  0.000531  0.000282  0.000190  0.000149  0.000507  0.000373  0.000314 
153: 0.031620  0.008758  0.002628  0.001150  0.001867  0.001244  0.001551  0.000113  0.000168  0.000282  0.000241  0.000133  0.000174  0.000316 
154: 0.039703  0.009068  0.002109  0.002519  0.001267  0.000348  0.001225  0.000911  0.000250  0.000099  0.000320  0.000356  0.000350  0.000068 
155: 0.018346  0.010343  0.000428  0.000913  0.000353  0.000383  0.000106  0.000316  0.000151  0.000284  0.000191  0.000107  0.000151  0.000144 
157: 0.022125  0.002344  0.001459  0.001704  0.000576  0.000501  0.000205  0.000200  0.000250  0.000207  0.000108  0.000342  0.000382  0.000208 
158: 0.025268  0.006157  0.002198  0.000461  0.001155  0.000182  0.000508  0.000111  0.000279  0.000546  0.000348  0.000129  0.000206  0.000308 
159: 0.044500  0.018408  0.004591  0.000619  0.001818  0.002057  0.000792  0.001369  0.000111  0.000690  0.000646  0.000703  0.000461  0.000485 
161: 0.026563  0.002034  0.003164  0.001146  0.000865  0.000321  0.000636  0.000730  0.000139  0.000006  0.000141  0.000034  0.000159  0.000255 
162: 0.029967  0.002121  0.007176  0.000875  0.000921  0.000732  0.000954  0.000272  0.000538  0.000389  0.000411  0.000340  0.000079  0.000081 
164: 0.043318  0.014630  0.001540  0.001722  0.000562  0.000850  0.000406  0.001509  0.000753  0.001201  0.001090  0.000854  0.000754  0.000602 
165: 0.061683  0.035634  0.004672  0.004557  0.001898  0.002303  0.000868  0.001660  0.001619  0.001209  0.000829  0.001007  0.000404  0.000753 
166: 0.003189  0.004254  0.000686  0.000912  0.000428  0.000304  0.000154  0.000104  0.000082  0.000104  0.000093  0.000039  0.000050  0.000037 
167: 0.021688  0.005141  0.002549  0.000227  0.000422  0.000491  0.000204  0.000380  0.000096  0.000316  0.000074  0.000098  0.000175  0.000047 
168: 0.033450  0.022473  0.000911  0.001336  0.000800  0.000856  0.000367  0.000459  0.000616  0.000387  0.000180  0.000463  0.000234  0.000149 
172: 0.053588  0.032714  0.003205  0.002780  0.002073  0.001414  0.000741  0.000543  0.000664  0.000883  0.000857  0.001361  0.000418  0.000378 
173: 0.038787  0.008744  0.001900  0.000078  0.000858  0.000886  0.001645  0.000730  0.000165  0.000340  0.000227  0.000574  0.000612  0.000239 
175: 0.032630  0.015001  0.001656  0.001217  0.001586  0.001372  0.000874  0.000238  0.000351  0.000396  0.000183  0.000071  0.000335  0.000369 
176: 0.033833  0.009155  0.000375  0.002745  0.000638  0.000541  0.000950  0.000097  0.000424  0.000247  0.000186  0.000097  0.000383  0.000167 
178: 0.027748  0.000616  0.001152  0.001345  0.001182  0.000271  0.001166  0.000162  0.000365  0.000234  0.000277  0.000051  0.000029  0.000030 
180: 0.031762  0.010991  0.002668  0.002414  0.000165  0.001138  0.000577  0.000612  0.000344  0.000488  0.000513  0.000804  0.000204  0.000228 
181: 0.037264  0.010687  0.000619  0.002210  0.001169  0.000815  0.000985  0.000530  0.000079  0.000524  0.000472  0.000981  0.000305  0.000459 
182: 0.036881  0.017408  0.002160  0.002748  0.002770  0.001832  0.000813  0.000378  0.000485  0.000684  0.000174  0.000228  0.000349  0.000326 
183: 0.041404  0.005572  0.001320  0.006906  0.001824  0.001924  0.000700  0.000673  0.000747  0.000502  0.000230  0.000402  0.000661  0.000499 
184: 0.022870  0.002862  0.001880  0.001699  0.001242  0.000256  0.000124  0.000259  0.000021  0.000426  0.000116  0.000293  0.000131  0.000102 
186: 0.033621  0.010969  0.002085  0.001703  0.001935  0.000233  0.000404  0.000379  0.000356  0.000256  0.000518  0.000363  0.000466  0.000357 
187: 0.024310  0.009270  0.000686  0.000448  0.000659  0.000712  0.000214  0.000656  0.000221  0.000078  0.000080  0.000237  0.000323  0.000157 
188: 0.039373  0.007666  0.003585  0.001516  0.002153  0.001445  0.000461  0.000218  0.000855  0.000842  0.000265  0.000488  0.000364  0.000383 
189: 0.025870  0.003239  0.003636  0.001528  0.001194  0.000844  0.000318  0.000869  0.000298  0.000191  0.000092  0.000367  0.000123  0.000084 
190: 0.044781  0.012795  0.003876  0.001085  0.001298  0.001709  0.001202  0.000860  0.000378  0.000559  0.000217  0.000261  0.000440  0.000577 
191: 0.020335  0.000765  0.002360  0.001446  0.000376  0.000330  0.000456  0.000190  0.000364  0.000096  0.000025  0.000095  0.000049  0.000120 
192: 0.030783  0.013584  0.001314  0.001744  0.001422  0.000272  0.000280  0.000236  0.000400  0.000648  0.000245  0.000685  0.000248  0.000214 
195: 0.052789  0.021063  0.001746  0.002244  0.000997  0.001530  0.001210  0.001441  0.000672  0.001256  0.000846  0.000558  0.000307  0.000095 
196: 0.023517  0.007210  0.001190  0.000552  0.000794  0.000678  0.000465  0.000084  0.000148  0.000346  0.000232  0.000173  0.000223  0.000224 
197: 0.033954  0.011751  0.000577  0.000386  0.000985  0.000223  0.000523  0.000247  0.000106  0.000390  0.000221  0.000382  0.000131  0.000143 
198: 0.066232  0.041340  0.009089  0.010118  0.003082  0.004181  0.000818  0.002315  0.002291  0.000494  0.000637  0.000540  0.000452  0.000966 
199: 0.033549  0.016608  0.000558  0.001060  0.000229  0.000659  0.000447  0.000251  0.000485  0.000400  0.000239  0.000109  0.000347  0.000140 
201: 0.029310  0.002763  0.003212  0.002219  0.000488  0.000471  0.000683  0.000287  0.000817  0.000128  0.000054  0.000407  0.000266  0.000083 
202: 0.049016  0.011837  0.000859  0.001426  0.001898  0.000715  0.001287  0.001254  0.001001  0.000798  0.000716  0.000429  0.000645  0.000565 
203: 0.040231  0.003284  0.009269  0.002638  0.004291  0.000806  0.000129  0.000146  0.000548  0.000595  0.000469  0.000163  0.000477  0.000448 
204: 0.034459  0.012574  0.001295  0.001864  0.000490  0.000573  0.000116  0.000382  0.000300  0.000486  0.000368  0.000254  0.000343  0.000258 
205: 0.018616  0.005070  0.000898  0.001703  0.000545  0.000758  0.000292  0.000137  0.000362  0.000107  0.000154  0.000198  0.000058  0.000266 
207: 0.041739  0.007580  0.001450  0.001911  0.002391  0.002260  0.000552  0.000477  0.000798  0.000161  0.000665  0.000251  0.000343  0.000242 
208: 0.022839  0.005607  0.001181  0.001031  0.001372  0.001301  0.000344  0.000308  0.000178  0.000242  0.000313  0.000365  0.000126  0.000170 
210: 0.018996  0.005544  0.000228  0.000770  0.000095  0.000805  0.000191  0.000404  0.000075  0.000383  0.000121  0.000031  0.000021  0.000128 
212: 0.034193  0.006631  0.003991  0.002065  0.001299  0.000719  0.000648  0.000767  0.000140  0.000868  0.000194  0.000532  0.000296  0.000339 
213: 0.036204  0.012969  0.001206  0.001671  0.001958  0.000297  0.000134  0.000492  0.000456  0.000571  0.000609  0.000343  0.000330  0.000111 
214: 0.025207  0.010147  0.000719  0.000891  0.000370  0.000212  0.000343  0.000132  0.000321  0.000194  0.000360  0.000072  0.000290  0.000309 
215: 0.028606  0.006305  0.000427  0.000719  0.001073  0.000718  0.001282  0.000101  0.000245  0.000399  0.000176  0.000209  0.000154  0.000342 
216: 0.030888  0.005173  0.003757  0.000534  0.000617  0.000973  0.000741  0.001103  0.000466  0.000234  0.000435  0.000124  0.000477  0.000107 
217: 0.054041  0.014416  0.010013  0.002497  0.000986  0.001269  0.002054  0.001299  0.000603  0.000482  0.000498  0.000031  0.000111  0.000295 
218: 0.028837  0.010330  0.002660  0.000734  0.002263  0.000357  0.000860  0.000877  0.000186  0.000414  0.000257  0.000130  0.000098  0.000245 
219: 0.037234  0.009919  0.001694  0.001668  0.001008  0.000081  0.001446  0.001031  0.000537  0.000437  0.000072  0.000138  0.000486  0.000646 
222: 0.053812  0.007801  0.003417  0.005056  0.003723  0.001493  0.001107  0.000335  0.000983  0.001066  0.001186  0.000633  0.001632  0.000545 
223: 0.033360  0.006669  0.002016  0.002501  0.001085  0.000055  0.000401  0.001057  0.000535  0.000345  0.000113  0.000186  0.000102  0.000484 
224: 0.026600  0.002653  0.000682  0.001510  0.000767  0.000407  0.000138  0.000678  0.000290  0.000620  0.000072  0.000304  0.000201  0.000058 
225: 0.004834  0.001715  0.001246  0.000589  0.000622  0.000559  0.000585  0.000446  0.000418  0.000484  0.000531  0.000481  0.000361  0.000365 
226: 0.026664  0.004916  0.001135  0.000717  0.001273  0.000386  0.000274  0.000188  0.000515  0.000272  0.000227  0.000335  0.000273  0.000286 
227: 0.025710  0.012772  0.000724  0.001974  0.000725  0.000620  0.000635  0.000343  0.000637  0.000312  0.000320  0.000101  0.000211  0.000363 
229: 0.023259  0.003221  0.004403  0.001345  0.001135  0.000350  0.000147  0.000043  0.000230  0.000398  0.000132  0.000038  0.000151  0.000075 
230: 0.030580  0.008149  0.001910  0.001215  0.001093  0.000487  0.001517  0.000569  0.000990  0.000147  0.000362  0.000522  0.000156  0.000244 
231: 0.028424  0.002809  0.001964  0.001127  0.001081  0.000428  0.000313  0.000238  0.000384  0.000454  0.000196  0.000241  0.000443  0.000203 
232: 0.037246  0.012503  0.004011  0.002251  0.000990  0.001085  0.000499  0.000885  0.000271  0.000142  0.000150  0.000117  0.000271  0.000219 
233: 0.022138  0.006766  0.001757  0.001143  0.001750  0.000638  0.000221  0.000543  0.000272  0.000238  0.000226  0.000304  0.000215  0.000083 
234: 0.027424  0.004909  0.000583  0.001929  0.001212  0.000177  0.001420  0.000524  0.000243  0.000538  0.000448  0.000158  0.000368  0.000069 
239: 0.037824  0.008201  0.001918  0.003530  0.001982  0.000482  0.001436  0.000353  0.000856  0.000318  0.000491  0.000367  0.000336  0.000507 
241: 0.046625  0.025356  0.002089  0.001510  0.000951  0.000411  0.001044  0.000458  0.000281  0.000157  0.000438  0.000276  0.000542  0.000509 
242: 0.047141  0.017870  0.002998  0.003488  0.001982  0.000948  0.000075  0.001883  0.000712  0.000452  0.000196  0.000155  0.000564  0.000204 
243: 0.026865  0.007032  0.000575  0.002401  0.000267  0.001057  0.000223  0.000213  0.000844  0.000245  0.000077  0.000018  0.000139  0.000063 
244: 0.037871  0.010655  0.003992  0.000997  0.003014  0.000365  0.000408  0.000953  0.000522  0.000284  0.000636  0.000231  0.000748  0.000201 
245: 0.034399  0.005713  0.004447  0.001975  0.002123  0.000677  0.000499  0.000741  0.000458  0.000320  0.000425  0.000480  0.000315  0.000252 
247: 0.048493  0.015988  0.002790  0.001923  0.003138  0.000919  0.000533  0.000790  0.000893  0.000457  0.000677  0.000198  0.000345  0.000690 
248: 0.029694  0.004627  0.000536  0.003054  0.001372  0.000697  0.000595  0.000520  0.000190  0.000241  0.000117  0.000154  0.000282  0.000502 
249: 0.029987  0.007270  0.001143  0.001599  0.000651  0.000219  0.000202  0.000289  0.000501  0.000201  0.000238  0.000077  0.000571  0.000450 
251: 0.033693  0.003835  0.001633  0.003094  0.001370  0.001162  0.000135  0.000569  0.000349  0.000136  0.000200  0.000390  0.000264  0.000229 
252: 0.035914  0.005277  0.001288  0.000128  0.002086  0.002587  0.000576  0.000568  0.000842  0.000332  0.000134  0.000776  0.000428  0.000192 
253: 0.032812  0.005741  0.004940  0.000535  0.001094  0.001996  0.000385  0.000097  0.000361  0.000098  0.000187  0.000648  0.000265  0.000176 
255: 0.031276  0.017234  0.002639  0.000565  0.000576  0.001107  0.000306  0.000297  0.000198  0.000366  0.000409  0.000087  0.000301  0.000368 
256: 0.032629  0.005008  0.002452  0.000964  0.000654  0.000275  0.000462  0.000531  0.000104  0.000460  0.000242  0.000346  0.000235  0.000196 
257: 0.035037  0.017194  0.004797  0.002527  0.003075  0.000592  0.000543  0.000406  0.000373  0.000406  0.000217  0.000436  0.000487  0.000097 
258: 0.034741  0.014627  0.002820  0.001410  0.000355  0.001446  0.001071  0.000700  0.000240  0.000335  0.000373  0.000369  0.000394  0.000464 
259: 0.025125  0.001544  0.001229  0.000932  0.000457  0.000389  0.000423  0.000149  0.000216  0.000460  0.000095  0.000162  0.000352  0.000186 
260: 0.036808  0.015403  0.002051  0.002122  0.001322  0.001193  0.000613  0.000732  0.000550  0.000346  0.000588  0.000448  0.000619  0.000208 
261: 0.020208  0.006251  0.000927  0.000619  0.000761  0.000199  0.000490  0.000140  0.000069  0.000306  0.000182  0.000052  0.000027  0.000097 
262: 0.017863  0.005862  0.003164  0.000977  0.001232  0.000041  0.000953  0.000242  0.000075  0.000225  0.000167  0.000113  0.000158  0.000235 
263: 0.033242  0.005901  0.008926  0.002599  0.000596  0.000905  0.000236  0.000576  0.000431  0.000435  0.000295  0.000297  0.000061  0.000267 
264: 0.028217  0.002039  0.000344  0.003991  0.000520  0.000452  0.000404  0.000634  0.000071  0.000126  0.000116  0.000442  0.000182  0.000051 
266: 0.020812  0.007203  0.001320  0.001049  0.000466  0.000378  0.000520  0.000160  0.000346  0.000081  0.000285  0.000117  0.000183  0.000171 
267: 0.031720  0.007406  0.002791  0.000490  0.001585  0.001109  0.000309  0.000271  0.000168  0.000077  0.000256  0.000037  0.000048  0.000620 
268: 0.051219  0.008204  0.005977  0.006486  0.001149  0.001948  0.000872  0.000830  0.000719  0.000105  0.000622  0.000643  0.000914  0.000763 
270: 0.030807  0.003551  0.003023  0.001817  0.001133  0.000582  0.000102  0.000481  0.000576  0.000636  0.000164  0.000353  0.000341  0.000102 
271: 0.021670  0.006835  0.000364  0.001348  0.000228  0.000725  0.000288  0.000113  0.000266  0.000043  0.000292  0.000096  0.000139  0.000165 
274: 0.031769  0.012657  0.002068  0.001340  0.001418  0.000786  0.000705  0.000161  0.001086  0.000457  0.000304  0.000349  0.000139  0.000292 
275: 0.038572  0.013886  0.001512  0.001467  0.000414  0.000647  0.000787  0.000772  0.000054  0.000653  0.000242  0.000440  0.000273  0.000595 
277: 0.029150  0.006901  0.001242  0.002111  0.001774  0.000629  0.000753  0.000165  0.000138  0.000581  0.000060  0.000297  0.000224  0.000063 
278: 0.022567  0.008870  0.002185  0.001395  0.001088  0.000619  0.000549  0.000513  0.000222  0.000178  0.000173  0.000083  0.000136  0.000195 
279: 0.024472  0.012557  0.001459  0.002227  0.000537  0.000117  0.000440  0.000320  0.000392  0.000153  0.000133  0.000149  0.000300  0.000211 
280: 0.027783  0.010395  0.001385  0.000461  0.000842  0.000271  0.000938  0.000119  0.000483  0.000199  0.000128  0.000282  0.000200  0.000324 
281: 0.036995  0.002813  0.004779  0.001483  0.002130  0.001154  0.001379  0.000699  0.000229  0.000406  0.000877  0.000418  0.000095  0.000196 
282: 0.049501  0.027364  0.003001  0.001321  0.001704  0.000641  0.001103  0.001216  0.001655  0.000600  0.000319  0.000120  0.000910  0.000322 
284: 0.031517  0.004390  0.001593  0.001474  0.002615  0.001016  0.000756  0.000273  0.000170  0.000313  0.000350  0.000473  0.000077  0.000350 
285: 0.033173  0.012447  0.002411  0.002144  0.001890  0.000470  0.000767  0.000448  0.000314  0.000616  0.000175  0.000332  0.000090  0.000053 
286: 0.024059  0.003009  0.002232  0.001000  0.000925  0.000670  0.000189  0.000199  0.000286  0.000057  0.000386  0.000106  0.000118  0.000267 
287: 0.024053  0.005775  0.002633  0.001714  0.000903  0.000366  0.000390  0.000406  0.000089  0.000301  0.000557  0.000497  0.000296  0.000209 
288: 0.039638  0.016179  0.002802  0.001716  0.000437  0.000958  0.000714  0.001137  0.000312  0.000278  0.000839  0.000163  0.000551  0.000158 
289: 0.019733  0.006532  0.000338  0.000606  0.000676  0.000472  0.000284  0.000454  0.000343  0.000162  0.000114  0.000030  0.000294  0.000180 
290: 0.046490  0.007017  0.003654  0.001511  0.001303  0.001498  0.000326  0.000460  0.000526  0.000118  0.000490  0.000676  0.000449  0.000514 
292: 0.026476  0.002037  0.002682  0.001867  0.001335  0.001202  0.000316  0.000248  0.000328  0.000458  0.000707  0.000133  0.000260  0.000191 
293: 0.035112  0.014277  0.002531  0.001014  0.000976  0.000841  0.000358  0.000192  0.000864  0.000416  0.000240  0.000413  0.000436  0.000170 
294: 0.042285  0.011815  0.002785  0.002344  0.001532  0.001087  0.000569  0.001540  0.000552  0.000499  0.000202  0.000482  0.000535  0.000193 
295: 0.032122  0.009346  0.001694  0.001155  0.000678  0.001317  0.001394  0.000653  0.000124  0.000171  0.000103  0.000225  0.000176  0.000057 
297: 0.025982  0.003765  0.002235  0.001285  0.001111  0.000129  0.000414  0.000292  0.000381  0.000735  0.000147  0.000220  0.000113  0.000098 
299: 0.038225  0.006009  0.001518  0.002396  0.000502  0.000794  0.000555  0.000254  0.000565  0.000372  0.000695  0.000143  0.000420  0.000322 
301: 0.023572  0.011485  0.001417  0.000573  0.000375  0.000823  0.000264  0.000402  0.000132  0.000230  0.000134  0.000357  0.000325  0.000188 
302: 0.044263  0.008686  0.004402  0.002478  0.001935  0.000766  0.001084  0.000512  0.000127  0.000656  0.000648  0.000580  0.000323  0.000497 
303: 0.020628  0.006848  0.000167  0.000981  0.000363  0.000695  0.000407  0.000569  0.000148  0.000107  0.000145  0.000242  0.000135  0.000208 
304: 0.024729  0.002699  0.000729  0.001003  0.000685  0.000872  0.000687  0.000163  0.000695  0.000380  0.000225  0.000071  0.000239  0.000102 
305: 0.024027  0.004763  0.002678  0.001064  0.000510  0.000855  0.000213  0.000231  0.000616  0.000180  0.000033  0.000071  0.000164  0.000062 
306: 0.017012  0.007418  0.000417  0.000274  0.000646  0.000510  0.000191  0.000246  0.000242  0.000133  0.000169  0.000206  0.000133  0.000022 
307: 0.038719  0.015431  0.001885  0.002253  0.001018  0.000304  0.000549  0.000310  0.001293  0.000219  0.000708  0.000116  0.000524  0.000337 
308: 0.047587  0.005168  0.006373  0.002047  0.001989  0.002605  0.001112  0.001197  0.000872  0.001013  0.000189  0.000842  0.000226  0.000296 
309: 0.032431  0.008217  0.002138  0.001000  0.001518  0.000570  0.000686  0.000079  0.000277  0.000295  0.000381  0.000333  0.000247  0.000287 
310: 0.019159  0.002181  0.000382  0.000868  0.000405  0.000160  0.000476  0.000294  0.000440  0.000033  0.000108  0.000250  0.000059  0.000086 
311: 0.026122  0.008312  0.003281  0.000638  0.001453  0.000491  0.001033  0.000718  0.000093  0.000230  0.000198  0.000154  0.000146  0.000182 
313: 0.039252  0.006198  0.002677  0.003164  0.000453  0.002570  0.001778  0.000922  0.000386  0.000373  0.000917  0.000389  0.000513  0.000372 
314: 0.032969  0.004039  0.002154  0.000976  0.001113  0.001193  0.000195  0.000448  0.000607  0.000364  0.000275  0.000256  0.000164  0.000466 
315: 0.039865  0.015843  0.001029  0.004441  0.000509  0.000347  0.001280  0.000807  0.000419  0.000805  0.000187  0.000501  0.000100  0.000380 
316: 0.029576  0.003689  0.002687  0.000347  0.000174  0.000788  0.000210  0.000431  0.000306  0.000476  0.000285  0.000145  0.000377  0.000122 
318: 0.046291  0.015668  0.002151  0.003483  0.001365  0.001688  0.000572  0.000221  0.000273  0.000268  0.001165  0.000576  0.000396  0.000642 
320: 0.027200  0.006071  0.001427  0.000385  0.000196  0.000349  0.000646  0.001071  0.000317  0.000169  0.000422  0.000030  0.000462  0.000245 
321: 0.018482  0.007058  0.000476  0.000939  0.000392  0.000454  0.000273  0.000364  0.000096  0.000179  0.000212  0.000156  0.000036  0.000055 
322: 0.017751  0.013390  0.005048  0.004582  0.003399  0.003665  0.003137  0.003130  0.002914  0.002577  0.002328  0.001934  0.002009  0.001528 
324: 0.035967  0.006331  0.006262  0.001851  0.001075  0.001101  0.000302  0.000454  0.000418  0.000473  0.000117  0.000218  0.000184  0.000303 
325: 0.018770  0.009741  0.000719  0.000576  0.000407  0.000559  0.000445  0.000274  0.000200  0.000167  0.000155  0.000184  0.000195  0.000133 
327: 0.038050  0.010061  0.001337  0.001750  0.001036  0.000721  0.001004  0.000572  0.000428  0.000313  0.000690  0.000625  0.000208  0.000035 
329: 0.026836  0.005497  0.001261  0.001172  0.000997  0.000377  0.001291  0.000581  0.000200  0.000028  0.000329  0.000067  0.000161  0.000053 
331: 0.028199  0.010176  0.001774  0.000770  0.001894  0.000902  0.000277  0.000411  0.000960  0.000116  0.000204  0.000322  0.000088  0.000116 
332: 0.027540  0.011260  0.001074  0.000888  0.000595  0.000364  0.000649  0.000566  0.000156  0.000126  0.000067  0.000114  0.000091  0.000159 
334: 0.020527  0.003854  0.000522  0.002145  0.000390  0.000485  0.000196  0.000490  0.000233  0.000425  0.000183  0.000144  0.000059  0.000121 
335: 0.034605  0.007522  0.000929  0.000945  0.000355  0.001106  0.000382  0.000895  0.000442  0.000251  0.000285  0.000685  0.000435  0.000422 
337: 0.023217  0.012243  0.000622  0.000677  0.000547  0.000396  0.000531  0.000475  0.000151  0.000092  0.000173  0.000018  0.000369  0.000058 
338: 0.031872  0.008721  0.002340  0.002530  0.002097  0.000947  0.000823  0.001145  0.000537  0.000491  0.000328  0.000410  0.000607  0.000386 
339: 0.047851  0.017198  0.005976  0.003728  0.001928  0.002017  0.000126  0.000776  0.000598  0.000360  0.000087  0.000534  0.000229  0.000253 
340: 0.021261  0.001447  0.001179  0.001139  0.000987  0.000323  0.000327  0.000673  0.000419  0.000104  0.000186  0.000141  0.000033  0.000150 
341: 0.022731  0.009632  0.000716  0.001120  0.000315  0.000290  0.000385  0.000111  0.000098  0.000119  0.000277  0.000129  0.000182  0.000044 
343: 0.046191  0.012019  0.001749  0.001350  0.001405  0.000708  0.000964  0.000139  0.000352  0.000435  0.000662  0.000296  0.000621  0.000501 
346: 0.026508  0.009471  0.000343  0.001177  0.001273  0.000667  0.000591  0.000404  0.000270  0.000405  0.000538  0.000167  0.000562  0.000027 
348: 0.028522  0.009725  0.001147  0.002036  0.000617  0.000573  0.000433  0.000066  0.000355  0.000535  0.000308  0.000226  0.000199  0.000396 
349: 0.032294  0.003381  0.000974  0.001563  0.001303  0.001301  0.000685  0.000514  0.000667  0.000196  0.000404  0.000942  0.000156  0.000313 
350: 0.038772  0.007158  0.001530  0.002082  0.000860  0.001612  0.000712  0.000834  0.000173  0.000188  0.000301  0.000450  0.000295  0.000196 
351: 0.025496  0.010372  0.001483  0.001781  0.001124  0.000421  0.000490  0.000534  0.000289  0.000347  0.000230  0.000172  0.000280  0.000385 
353: 0.022196  0.002576  0.002367  0.001437  0.000689  0.000758  0.000115  0.000551  0.000051  0.000169  0.000252  0.000243  0.000325  0.000074 
355: 0.033658  0.005390  0.000633  0.001479  0.000727  0.000360  0.000856  0.000405  0.000278  0.000483  0.000525  0.000226  0.000408  0.000125 
356: 0.030890  0.012658  0.001012  0.000774  0.000819  0.000389  0.000425  0.000555  0.000381  0.000261  0.000151  0.000043  0.000124  0.000197 
357: 0.022819  0.011911  0.000591  0.000620  0.000422  0.000381  0.000473  0.000222  0.000455  0.000413  0.000265  0.000131  0.000050  0.000070 
359: 0.022294  0.003268  0.003259  0.002072  0.000537  0.000677  0.001114  0.000709  0.000240  0.000415  0.000141  0.000310  0.000126  0.000091 
360: 0.026919  0.003862  0.001178  0.002276  0.000800  0.000788  0.000224  0.000137  0.000320  0.000194  0.000143  0.000172  0.000070  0.000165 
361: 0.027470  0.002962  0.002268  0.001138  0.000207  0.000352  0.000256  0.000360  0.000576  0.000249  0.000247  0.000230  0.000269  0.000228 
362: 0.027168  0.003751  0.001684  0.000840  0.001528  0.000558  0.000263  0.000490  0.000539  0.000295  0.000218  0.000234  0.000080  0.000141 
364: 0.042613  0.015538  0.004031  0.003455  0.001451  0.001679  0.000327  0.000865  0.000586  0.000680  0.000679  0.000557  0.000111  0.000115 
366: 0.055776  0.020959  0.002637  0.001735  0.002976  0.002144  0.001159  0.001141  0.001475  0.000981  0.000581  0.000533  0.000328  0.001053 
367: 0.027645  0.009441  0.000224  0.000477  0.000368  0.000628  0.000368  0.000527  0.000418  0.000194  0.000105  0.000199  0.000150  0.000257 
369: 0.035661  0.007385  0.004755  0.001916  0.001735  0.001577  0.000703  0.000521  0.000331  0.000330  0.000408  0.000645  0.000193  0.000433 
370: 0.040697  0.024571  0.003072  0.003524  0.001867  0.001690  0.000853  0.000357  0.000612  0.000882  0.000338  0.000844  0.000205  0.000362 
371: 0.022499  0.004410  0.000637  0.001236  0.002197  0.000496  0.000574  0.000324  0.000289  0.000341  0.000123  0.000058  0.000136  0.000226 
372: 0.025745  0.009852  0.004560  0.001182  0.000833  0.000358  0.000231  0.000310  0.000412  0.000184  0.000410  0.000324  0.000287  0.000124 
373: 0.031089  0.001896  0.001327  0.003768  0.002797  0.000819  0.000041  0.001090  0.000763  0.000302  0.000099  0.000161  0.000130  0.000295 
374: 0.030972  0.004413  0.002399  0.000178  0.000862  0.000559  0.000305  0.000300  0.000208  0.000059  0.000164  0.000310  0.000109  0.000108 
376: 0.029735  0.010326  0.002488  0.002453  0.001572  0.001055  0.000042  0.000664  0.000437  0.000373  0.000568  0.000249  0.000091  0.000049 
377: 0.023243  0.002227  0.003969  0.001521  0.000366  0.000111  0.001140  0.000136  0.000412  0.000241  0.000132  0.000220  0.000059  0.000120 
380: 0.026166  0.003697  0.000413  0.003910  0.002196  0.000632  0.000233  0.000521  0.000315  0.000495  0.000333  0.000329  0.000029  0.000083 
383: 0.024009  0.004044  0.002128  0.000265  0.000740  0.000390  0.000076  0.000322  0.000359  0.000159  0.000383  0.000108  0.000295  0.000207 
384: 0.030084  0.011760  0.004027  0.001774  0.000913  0.000729  0.000252  0.000662  0.000586  0.000440  0.000157  0.000266  0.000177  0.000231 
386: 0.026638  0.003623  0.003354  0.001628  0.000951  0.000625  0.000308  0.000592  0.000334  0.000470  0.000201  0.000207  0.000297  0.000095 
387: 0.026266  0.009071  0.002714  0.000469  0.001293  0.000609  0.000850  0.000470  0.000983  0.000327  0.000260  0.000125  0.000083  0.000281 
391: 0.022131  0.008119  0.001793  0.000982  0.000397  0.000574  0.000224  0.000182  0.000173  0.000158  0.000136  0.000104  0.000117  0.000023 
394: 0.028553  0.020145  0.002785  0.003233  0.000447  0.000750  0.000639  0.000113  0.000290  0.000168  0.000086  0.000150  0.000090  0.000107 
395: 0.023180  0.001266  0.000556  0.002345  0.000512  0.000345  0.001447  0.000193  0.000229  0.000121  0.000247  0.000122  0.000096  0.000045 
396: 0.022090  0.004190  0.001060  0.000153  0.001597  0.000070  0.000572  0.000135  0.000343  0.000069  0.000294  0.000230  0.000330  0.000153 
401: 0.021351  0.002641  0.000387  0.002733  0.000987  0.001809  0.000210  0.000125  0.000616  0.000554  0.000264  0.000133  0.000082  0.000146 
402: 0.025115  0.004564  0.001525  0.001517  0.000568  0.000766  0.000266  0.000389  0.000163  0.000049  0.000401  0.000069  0.000157  0.000083 
403: 0.049998  0.021575  0.003697  0.002574  0.001954  0.001498  0.000844  0.001054  0.000827  0.000408  0.000785  0.000440  0.000875  0.000147 
404: 0.023257  0.003805  0.006796  0.001342  0.001249  0.000517  0.000634  0.000630  0.000139  0.000140  0.000571  0.000271  0.000136  0.000081 
406: 0.039203  0.012531  0.000726  0.000702  0.002037  0.001319  0.000302  0.000214  0.000881  0.000662  0.000443  0.000427  0.000287  0.000383 
408: 0.029337  0.010159  0.002966  0.000950  0.001388  0.000844  0.000891  0.001147  0.000554  0.000771  0.000280  0.000236  0.000118  0.000241 
409: 0.025813  0.006693  0.004240  0.001339  0.001194  0.000859  0.000405  0.000229  0.000101  0.000675  0.000147  0.000149  0.000330  0.000024 
410: 0.043360  0.014986  0.003209  0.002576  0.000577  0.001367  0.000621  0.000893  0.000958  0.000838  0.001528  0.000565  0.000649  0.000105 
412: 0.027618  0.012103  0.000935  0.000634  0.001808  0.000289  0.000061  0.000657  0.000413  0.000224  0.000372  0.000182  0.000127  0.000176 
413: 0.027176  0.011951  0.000457  0.000868  0.001383  0.000406  0.000641  0.000270  0.000565  0.000164  0.000147  0.000263  0.000349  0.000255 
414: 0.018103  0.004584  0.002307  0.001134  0.000819  0.000649  0.000428  0.000180  0.000070  0.000161  0.000177  0.000082  0.000084  0.000201 
416: 0.029749  0.007605  0.001634  0.001262  0.001330  0.000434  0.000471  0.000569  0.000587  0.000485  0.000165  0.000053  0.000156  0.000351 
418: 0.023781  0.006521  0.002195  0.001098  0.000740  0.000032  0.000178  0.000191  0.000187  0.000165  0.000094  0.000081  0.000174  0.000099 
419: 0.029931  0.011092  0.003060  0.000679  0.001395  0.000423  0.000708  0.000362  0.000218  0.000143  0.000376  0.000311  0.000108  0.000115 
420: 0.017965  0.000733  0.001705  0.001099  0.000600  0.000349  0.000383  0.000633  0.000273  0.000278  0.000036  0.000039  0.000059  0.000108 
421: 0.026288  0.003251  0.003758  0.001113  0.001095  0.001030  0.000759  0.000536  0.000050  0.000317  0.000114  0.000501  0.000293  0.000135 
422: 0.026395  0.004543  0.001757  0.001293  0.000704  0.001229  0.000359  0.000145  0.000258  0.000282  0.000137  0.000249  0.000324  0.000191 
424: 0.032675  0.012801  0.003824  0.000370  0.000914  0.000995  0.000717  0.000718  0.000447  0.000436  0.000111  0.000382  0.000098  0.000236 
426: 0.023207  0.001209  0.003335  0.000947  0.001473  0.000245  0.000332  0.000054  0.000348  0.000309  0.000047  0.000125  0.000072  0.000252 
427: 0.022420  0.008937  0.002360  0.002087  0.001083  0.000699  0.000541  0.000325  0.000362  0.000332  0.000341  0.000140  0.000096  0.000363 
428: 0.022892  0.003221  0.000890  0.001601  0.000632  0.000612  0.000054  0.000061  0.000148  0.000111  0.000149  0.000318  0.000353  0.000062 
430: 0.040264  0.012566  0.002986  0.002610  0.000898  0.000891  0.000531  0.000436  0.000169  0.000549  0.000360  0.000451  0.000427  0.000200 
431: 0.021892  0.004314  0.001047  0.001965  0.000743  0.000376  0.000167  0.000228  0.000082  0.000047  0.000186  0.000127  0.000070  0.000082 
433: 0.022425  0.006154  0.001245  0.000912  0.000777  0.000484  0.000186  0.000067  0.000468  0.000085  0.000150  0.000116  0.000196  0.000253 
435: 0.026347  0.007323  0.002910  0.002361  0.000810  0.000418  0.002128  0.000461  0.000956  0.000334  0.000339  0.000289  0.000042  0.000276 
438: 0.041291  0.019932  0.001710  0.002335  0.001938  0.000443  0.001297  0.000080  0.001049  0.000416  0.001011  0.000011  0.000705  0.000227 
439: 0.024220  0.014492  0.001071  0.000955  0.001117  0.000809  0.000253  0.000070  0.000122  0.000289  0.000158  0.000075  0.000149  0.000281 
441: 0.033043  0.008797  0.006015  0.000752  0.000829  0.000823  0.000600  0.000875  0.000440  0.001051  0.000481  0.000558  0.000343  0.000209 
444: 0.017411  0.005738  0.000513  0.000985  0.000782  0.000440  0.000281  0.000123  0.000237  0.000394  0.000028  0.000070  0.000127  0.000068 
448: 0.033515  0.011092  0.006574  0.002424  0.001046  0.001147  0.000461  0.000619  0.000298  0.000193  0.000065  0.000407  0.000104  0.000094 
449: 0.035897  0.002920  0.006186  0.002428  0.002389  0.001626  0.000359  0.000719  0.000941  0.000237  0.000158  0.000103  0.000149  0.000228 
450: 0.022502  0.008730  0.000829  0.001913  0.001594  0.000630  0.000442  0.000175  0.000305  0.000153  0.000248  0.000155  0.000173  0.000046 
451: 0.018946  0.006241  0.000667  0.001513  0.000176  0.000500  0.000516  0.000148  0.000050  0.000128  0.000186  0.000176  0.000095  0.000188 
454: 0.028098  0.010734  0.001346  0.001984  0.001448  0.000868  0.000242  0.000313  0.000434  0.000591  0.000260  0.000071  0.000166  0.000128 
455: 0.022051  0.004860  0.002176  0.001478  0.000254  0.000362  0.000705  0.000330  0.000099  0.000195  0.000138  0.000117  0.000119  0.000040 
457: 0.027440  0.004461  0.000297  0.002221  0.001065  0.000824  0.000953  0.000577  0.000285  0.000262  0.000290  0.000137  0.000193  0.000080 
458: 0.040595  0.020965  0.001388  0.002845  0.001785  0.000818  0.001070  0.001372  0.000462  0.000186  0.000158  0.000749  0.000676  0.000211 
460: 0.029334  0.011630  0.001333  0.001639  0.000714  0.000210  0.000073  0.000653  0.000556  0.000262  0.000355  0.000760  0.000324  0.000336 
461: 0.024543  0.009446  0.001939  0.000674  0.001155  0.000147  0.000910  0.000320  0.000306  0.000292  0.000132  0.000173  0.000223  0.000129 
463: 0.021958  0.001134  0.003821  0.000828  0.000726  0.000188  0.000047  0.000297  0.000416  0.000108  0.000200  0.000028  0.000129  0.000367 
464: 0.025031  0.009519  0.001225  0.001515  0.000996  0.001061  0.000186  0.000119  0.000333  0.000793  0.000103  0.000230  0.000073  0.000281 
466: 0.018024  0.004187  0.001734  0.002967  0.000318  0.000359  0.000200  0.000699  0.000147  0.000269  0.000385  0.000127  0.000090  0.000174 
467: 0.025760  0.008555  0.002026  0.001619  0.001461  0.001326  0.000314  0.000453  0.000444  0.000105  0.000207  0.000083  0.000195  0.000058 
470: 0.035398  0.010191  0.002383  0.000365  0.000902  0.000793  0.000363  0.000626  0.000447  0.000222  0.000133  0.000088  0.000418  0.000115 
472: 0.031795  0.010393  0.001167  0.000432  0.002304  0.000666  0.000494  0.000198  0.000349  0.000475  0.000276  0.000173  0.000232  0.000367 
473: 0.037698  0.024593  0.001410  0.000405  0.000995  0.001141  0.000651  0.000656  0.000289  0.000290  0.000616  0.000209  0.000170  0.000450 
474: 0.017577  0.004205  0.000955  0.000840  0.000502  0.000329  0.000127  0.000503  0.000337  0.000339  0.000354  0.000087  0.000057  0.000131 
475: 0.028592  0.007155  0.002189  0.002677  0.000967  0.001135  0.000363  0.000666  0.000231  0.000459  0.000063  0.000378  0.000208  0.000393 
477: 0.019612  0.002750  0.001045  0.000451  0.000330  0.000164  0.000317  0.000206  0.000051  0.000125  0.000095  0.000136  0.000045  0.000098 
478: 0.021923  0.005042  0.003319  0.001091  0.000576  0.000863  0.000382  0.000123  0.000206  0.000101  0.000219  0.000097  0.000120  0.000141 
481: 0.029933  0.005214  0.002763  0.001270  0.000379  0.000493  0.000314  0.000211  0.000173  0.000828  0.000254  0.000323  0.000240  0.000206 
482: 0.054282  0.031746  0.000394  0.006674  0.002248  0.000658  0.000797  0.001675  0.000748  0.001381  0.000412  0.000406  0.000215  0.000669 
483: 0.021049  0.008461  0.001153  0.000605  0.000336  0.000263  0.000273  0.000667  0.000205  0.000179  0.000024  0.000215  0.000174  0.000379 
484: 0.035319  0.006182  0.001422  0.001376  0.001995  0.000377  0.000447  0.000823  0.000664  0.000229  0.000153  0.000281  0.000312  0.000149 
485: 0.026023  0.015778  0.000406  0.000921  0.000878  0.000627  0.000684  0.000256  0.000327  0.000185  0.000162  0.000029  0.000063  0.000118 
486: 0.019897  0.005098  0.002577  0.000614  0.001640  0.000496  0.000471  0.000298  0.000226  0.000361  0.000260  0.000163  0.000046  0.000177 
487: 0.043059  0.020657  0.002679  0.001692  0.000870  0.000607  0.000797  0.000410  0.001163  0.000229  0.000538  0.000411  0.000555  0.000164 
491: 0.027678  0.005580  0.000835  0.001894  0.000329  0.000218  0.000410  0.000307  0.000438  0.000294  0.000230  0.000224  0.000283  0.000290 
492: 0.028882  0.008454  0.000267  0.002326  0.000768  0.001204  0.000028  0.000641  0.000434  0.000954  0.000310  0.000427  0.000396  0.000246 
495: 0.042125  0.015304  0.002408  0.000554  0.000939  0.000310  0.001158  0.001029  0.000438  0.000509  0.000575  0.000225  0.000422  0.000542 
497: 0.029558  0.001556  0.004549  0.000927  0.001111  0.001059  0.000097  0.000338  0.000309  0.000144  0.000102  0.000191  0.000325  0.000285 
498: 0.018438  0.005785  0.001446  0.000817  0.000897  0.000343  0.000549  0.000119  0.000135  0.000267  0.000228  0.000203  0.000021  0.000114 
500: 0.018406  0.007305  0.002040  0.000359  0.000364  0.000419  0.000165  0.000196  0.000258  0.000160  0.000077  0.000013  0.000046  0.000051 
501: 0.019368  0.001917  0.000808  0.001001  0.000342  0.000462  0.000692  0.000224  0.000065  0.000258  0.000100  0.000250  0.000098  0.000258 
502: 0.038052  0.015147  0.004565  0.001812  0.000814  0.000811  0.000462  0.000305  0.000962  0.000811  0.000082  0.000320  0.000411  0.000179 
505: 0.025878  0.005636  0.001169  0.000492  0.000211  0.000518  0.000643  0.000126  0.000314  0.000115  0.000087  0.000427  0.000224  0.000105 
506: 0.020287  0.000198  0.000822  0.002613  0.000601  0.000324  0.000032  0.000382  0.000056  0.000321  0.000230  0.000077  0.000350  0.000106 
508: 0.029806  0.009352  0.002453  0.000357  0.001897  0.001891  0.000480  0.000311  0.000242  0.000666  0.000238  0.000170  0.000164  0.000319 
509: 0.022897  0.006803  0.003050  0.000277  0.000716  0.000357  0.000286  0.000403  0.000231  0.000164  0.000108  0.000438  0.000208  0.000095 
510: 0.026992  0.002405  0.000830  0.000886  0.000751  0.000659  0.000491  0.000256  0.000225  0.000349  0.000087  0.000256  0.000084  0.000286 
511: 0.027367  0.006006  0.001131  0.002489  0.000056  0.000103  0.000199  0.000335  0.000107  0.000410  0.000112  0.000110  0.000101  0.000095 
514: 0.022582  0.013779  0.000897  0.000820  0.000356  0.000266  0.000483  0.000289  0.000329  0.000102  0.000364  0.000103  0.000178  0.000074 
517: 0.028130  0.003500  0.001052  0.003703  0.000266  0.000343  0.000340  0.000667  0.000177  0.000219  0.000345  0.000044  0.000113  0.000124 
520: 0.020866  0.005375  0.001381  0.002065  0.001296  0.000576  0.000800  0.000279  0.000410  0.000304  0.000209  0.000336  0.000165  0.000069 
523: 0.030077  0.006865  0.002858  0.001729  0.000999  0.000647  0.000449  0.000311  0.000652  0.000452  0.000166  0.000259  0.000079  0.000044 
524: 0.024069  0.005333  0.000884  0.002004  0.000981  0.000232  0.000255  0.000413  0.000583  0.000312  0.000134  0.000323  0.000206  0.000253 
526: 0.022744  0.002881  0.001499  0.001255  0.000500  0.000476  0.000458  0.000427  0.000119  0.000127  0.000101  0.000225  0.000117  0.000039 
528: 0.024133  0.006507  0.000958  0.001162  0.000896  0.000741  0.000512  0.000227  0.000501  0.000062  0.000378  0.000219  0.000073  0.000100 
529: 0.023501  0.002249  0.000916  0.003917  0.000438  0.001327  0.000659  0.000472  0.000249  0.000218  0.000131  0.000112  0.000048  0.000178 
530: 0.038432  0.014874  0.001549  0.002562  0.002572  0.001570  0.000967  0.000508  0.000262  0.000416  0.000434  0.000191  0.000260  0.000277 
531: 0.030478  0.008963  0.001703  0.001535  0.002723  0.000854  0.000685  0.000528  0.000373  0.000151  0.000120  0.000667  0.000320  0.000464 
532: 0.025846  0.004051  0.002738  0.002096  0.000973  0.000532  0.000219  0.000455  0.000387  0.000317  0.000322  0.000421  0.000120  0.000288 
534: 0.041599  0.032731  0.002866  0.005857  0.000851  0.000774  0.000205  0.001151  0.000731  0.000605  0.000243  0.000294  0.000798  0.000158 
535: 0.021872  0.002025  0.003499  0.000665  0.000638  0.001410  0.000562  0.000464  0.000266  0.000348  0.000232  0.000183  0.000152  0.000275 
536: 0.019834  0.003611  0.004663  0.000926  0.001846  0.000720  0.000295  0.000494  0.000231  0.000156  0.000066  0.000217  0.000120  0.000079 
537: 0.028578  0.011859  0.001039  0.002070  0.000817  0.001364  0.000487  0.000185  0.000424  0.000249  0.000437  0.000142  0.000249  0.000119 
538: 0.017486  0.001517  0.000174  0.000860  0.000696  0.000824  0.000210  0.000236  0.000233  0.000175  0.000131  0.000088  0.000136  0.000031 
539: 0.010197  0.008048  0.000481  0.001258  0.000167  0.000191  0.000465  0.000178  0.000455  0.000162  0.000305  0.000129  0.000141  0.000131 
540: 0.034787  0.007746  0.003945  0.001169  0.001774  0.000703  0.000270  0.000222  0.000208  0.000509  0.000441  0.000320  0.000131  0.000569 
541: 0.029463  0.012693  0.002778  0.002584  0.000429  0.000753  0.000175  0.000938  0.000493  0.000341  0.000318  0.000130  0.000215  0.000286 
542: 0.019298  0.001630  0.000614  0.001187  0.000314  0.000942  0.000216  0.000373  0.000052  0.000106  0.000218  0.000203  0.000075  0.000041 
549: 0.018893  0.002239  0.001909  0.000834  0.001541  0.001082  0.000320  0.000433  0.000165  0.000168  0.000116  0.000128  0.000037  0.000085 
550: 0.022615  0.003042  0.005038  0.001293  0.000541  0.000462  0.000293  0.000268  0.000396  0.000221  0.000238  0.000012  0.000190  0.000153 
551: 0.039661  0.002140  0.004384  0.000541  0.000588  0.001520  0.001747  0.000178  0.001009  0.000159  0.000412  0.000150  0.000323  0.000499 
552: 0.026692  0.007508  0.001737  0.002311  0.000212  0.000226  0.000495  0.000163  0.000294  0.000347  0.000209  0.000156  0.000407  0.000232 
554: 0.022431  0.002866  0.000330  0.001962  0.000330  0.000330  0.000695  0.000198  0.000297  0.000289  0.000121  0.000173  0.000107  0.000212 
556: 0.027564  0.004804  0.001740  0.001060  0.001795  0.000745  0.000407  0.000410  0.000506  0.000256  0.000057  0.000237  0.000360  0.000089 
559: 0.026548  0.007398  0.000959  0.001056  0.000683  0.000625  0.000879  0.000200  0.000061  0.000166  0.000180  0.000122  0.000014  0.000115 
561: 0.022672  0.001930  0.001358  0.000802  0.000295  0.000263  0.000432  0.000497  0.000161  0.000141  0.000090  0.000204  0.000037  0.000236 
563: 0.021074  0.008543  0.000452  0.000556  0.000610  0.000846  0.000504  0.000082  0.000271  0.000492  0.000216  0.000155  0.000063  0.000271 
564: 0.017483  0.006625  0.000757  0.000749  0.000461  0.000519  0.000164  0.000204  0.000125  0.000181  0.000195  0.000073  0.000100  0.000097 
565: 0.019465  0.000543  0.000960  0.002098  0.000560  0.000377  0.000224  0.000092  0.000181  0.000122  0.000019  0.000182  0.000204  0.000108 
566: 0.021717  0.004139  0.002155  0.000838  0.000945  0.000558  0.000431  0.000292  0.000211  0.000150  0.000399  0.000082  0.000099  0.000157 
567: 0.024687  0.007419  0.005594  0.002008  0.000829  0.001166  0.000387  0.000395  0.000427  0.000329  0.000163  0.000407  0.000134  0.000225 
568: 0.026305  0.015898  0.002653  0.001972  0.000637  0.000847  0.000431  0.000885  0.000286  0.000317  0.000214  0.000112  0.000335  0.000084 
569: 0.029913  0.010450  0.004785  0.001959  0.002255  0.000396  0.000624  0.000589  0.000780  0.000758  0.000174  0.000674  0.000344  0.000264 
570: 0.031136  0.003693  0.002130  0.001101  0.000907  0.000648  0.000557  0.000823  0.000152  0.000189  0.000289  0.000113  0.000123  0.000018 
573: 0.021478  0.002310  0.002112  0.001324  0.001721  0.000670  0.000270  0.000372  0.000440  0.000393  0.000237  0.000033  0.000207  0.000259 
574: 0.029206  0.003085  0.002078  0.002006  0.000305  0.001035  0.000116  0.000964  0.000076  0.000238  0.000719  0.000202  0.000255  0.000024 
576: 0.026409  0.007211  0.000974  0.000811  0.001005  0.000990  0.000532  0.000586  0.000484  0.000094  0.000158  0.000269  0.000070  0.000298 
577: 0.019994  0.005989  0.001960  0.000402  0.000440  0.000300  0.000184  0.000225  0.000360  0.000057  0.000241  0.000097  0.000116  0.000011 
578: 0.038600  0.020384  0.003608  0.003430  0.004074  0.001866  0.000161  0.001430  0.000243  0.000482  0.000430  0.000461  0.000363  0.000293 
579: 0.021484  0.002184  0.001047  0.002993  0.000372  0.000265  0.000412  0.000968  0.000080  0.000105  0.000129  0.000085  0.000190  0.000200 
580: 0.032279  0.013349  0.002316  0.000560  0.000934  0.000718  0.000486  0.000746  0.000411  0.000269  0.000529  0.000168  0.000252  0.000023 
585: 0.018570  0.004038  0.001733  0.000597  0.001061  0.000656  0.000099  0.000545  0.000109  0.000188  0.000234  0.000088  0.000048  0.000195 
587: 0.021240  0.006411  0.001289  0.002837  0.000818  0.000261  0.000607  0.000660  0.000437  0.000661  0.000150  0.000075  0.000058  0.000155 
588: 0.024571  0.006038  0.001995  0.001770  0.000957  0.000481  0.000721  0.000367  0.000239  0.000045  0.000514  0.000085  0.000032  0.000192 
589: 0.038083  0.008486  0.003641  0.004508  0.001268  0.000328  0.000561  0.000449  0.000870  0.000166  0.000218  0.000519  0.000339  0.000366 
591: 0.045359  0.016730  0.002069  0.003670  0.004619  0.002897  0.000260  0.001142  0.001039  0.000403  0.000352  0.000500  0.000446  0.000405 
593: 0.027808  0.006061  0.004212  0.001399  0.001100  0.000988  0.000656  0.000258  0.000222  0.000158  0.000435  0.000163  0.000151  0.000126 
594: 0.026251  0.011199  0.003236  0.002417  0.001535  0.000893  0.000351  0.000758  0.000189  0.000371  0.000195  0.000111  0.000315  0.000149 
595: 0.024442  0.005329  0.004251  0.001510  0.001411  0.000319  0.000357  0.000459  0.000302  0.000224  0.000081  0.000049  0.000387  0.000133 
596: 0.039857  0.006254  0.003645  0.002343  0.003008  0.000763  0.001030  0.000018  0.000602  0.000132  0.000365  0.000258  0.000364  0.000550 
599: 0.024563  0.011924  0.003295  0.001770  0.001081  0.001612  0.001303  0.000157  0.000121  0.000166  0.000566  0.000467  0.000250  0.000548 
601: 0.032741  0.007568  0.005383  0.000875  0.001440  0.000379  0.000595  0.000709  0.000820  0.000299  0.000543  0.000223  0.000183  0.000206 
602: 0.022990  0.001337  0.001884  0.001282  0.000751  0.000078  0.000823  0.000153  0.000204  0.000187  0.000091  0.000119  0.000150  0.000173 
605: 0.036808  0.010866  0.003229  0.001100  0.000384  0.001354  0.000082  0.000774  0.000360  0.000437  0.000228  0.000210  0.000112  0.000378 
606: 0.024265  0.007285  0.002072  0.001101  0.000099  0.000533  0.000913  0.000160  0.000209  0.000052  0.000280  0.000137  0.000223  0.000172 
607: 0.025406  0.006159  0.000242  0.002097  0.001899  0.000581  0.000506  0.000172  0.000359  0.000374  0.000202  0.000094  0.000315  0.000208 
609: 0.026048  0.000727  0.001447  0.003187  0.000422  0.000396  0.000323  0.000080  0.000045  0.000073  0.000270  0.000162  0.000237  0.000182 
610: 0.021587  0.004565  0.001110  0.001913  0.000718  0.000257  0.000609  0.000547  0.000091  0.000146  0.000237  0.000034  0.000160  0.000090 
613: 0.022250  0.002130  0.001462  0.002952  0.001422  0.000484  0.000603  0.000486  0.000398  0.000091  0.000041  0.000390  0.000075  0.000251 
614: 0.020690  0.005303  0.001169  0.001052  0.001267  0.000350  0.000262  0.000284  0.000233  0.000334  0.000079  0.000237  0.000050  0.000119 
616: 0.026304  0.006091  0.003348  0.000501  0.000723  0.000449  0.000193  0.000426  0.000309  0.000178  0.000168  0.000069  0.000229  0.000091 
617: 0.012302  0.004308  0.000695  0.000694  0.000496  0.000339  0.000294  0.000099  0.000193  0.000116  0.000106  0.000094  0.000095  0.000069 
619: 0.043533  0.024108  0.002042  0.005704  0.002033  0.000745  0.001544  0.000661  0.000267  0.000200  0.000283  0.000328  0.000434  0.000317 
621: 0.012214  0.002337  0.000573  0.000338  0.000566  0.000559  0.000479  0.000298  0.000098  0.000139  0.000109  0.000060  0.000099  0.000089 
622: 0.042892  0.007055  0.000702  0.001718  0.002597  0.000494  0.001208  0.000768  0.000321  0.000334  0.000178  0.000369  0.000171  0.000097 
623: 0.037168  0.004235  0.005859  0.001299  0.001854  0.000201  0.000596  0.000310  0.000787  0.000431  0.000281  0.000026  0.000664  0.000397 
624: 0.019445  0.004593  0.001546  0.000550  0.000278  0.000564  0.000674  0.000207  0.000045  0.000166  0.000257  0.000201  0.000106  0.000064 
626: 0.017218  0.002765  0.000554  0.003305  0.000085  0.001365  0.000285  0.000384  0.000512  0.000202  0.000036  0.000053  0.000164  0.000137 
627: 0.022222  0.001938  0.002183  0.002327  0.000105  0.000237  0.000235  0.000243  0.000259  0.000530  0.000183  0.000149  0.000133  0.000149 
629: 0.018230  0.004145  0.000864  0.000878  0.000802  0.000149  0.000379  0.000324  0.000138  0.000136  0.000275  0.000083  0.000052  0.000134 
631: 0.022274  0.006663  0.003289  0.001945  0.000081  0.000360  0.000797  0.000562  0.000110  0.000327  0.000282  0.000144  0.000085  0.000071 
632: 0.020082  0.005780  0.003608  0.000790  0.000429  0.000768  0.000816  0.000058  0.000289  0.000160  0.000214  0.000184  0.000198  0.000108 
639: 0.021596  0.003831  0.001052  0.000578  0.000332  0.000145  0.000755  0.000621  0.000115  0.000076  0.000030  0.000125  0.000330  0.000189 
640: 0.029118  0.006488  0.001464  0.000393  0.001469  0.000995  0.000699  0.000183  0.000244  0.000436  0.000141  0.000282  0.000215  0.000154 
642: 0.029542  0.018124  0.003165  0.000848  0.000434  0.001128  0.000307  0.000459  0.000069  0.000268  0.000418  0.000425  0.000174  0.000395 
643: 0.031677  0.009972  0.004224  0.002437  0.002166  0.000906  0.000884  0.000791  0.000145  0.000352  0.000752  0.000236  0.000060  0.000280 
644: 0.028919  0.012651  0.001640  0.001908  0.001278  0.001308  0.000141  0.000481  0.000648  0.000489  0.000152  0.000478  0.000249  0.000228 
646: 0.024282  0.008484  0.003696  0.000552  0.001859  0.000318  0.000333  0.000305  0.000318  0.000214  0.000270  0.000210  0.000192  0.000095 
647: 0.016189  0.003901  0.000736  0.001230  0.000356  0.000651  0.000367  0.000520  0.000288  0.000124  0.000200  0.000092  0.000134  0.000105 
648: 0.032346  0.016273  0.002581  0.001338  0.000949  0.000831  0.000851  0.000233  0.000383  0.000165  0.000635  0.000177  0.000083  0.000109 
649: 0.022712  0.000519  0.000526  0.001815  0.000772  0.000555  0.001077  0.000079  0.000275  0.000233  0.000208  0.000305  0.000203  0.000111 
651: 0.020863  0.005837  0.003675  0.000585  0.000704  0.001408  0.000431  0.000062  0.000395  0.000041  0.000222  0.000054  0.000056  0.000183 
653: 0.024040  0.005134  0.002599  0.001803  0.001776  0.000106  0.000197  0.000122  0.000446  0.000251  0.000095  0.000068  0.000201  0.000167 
654: 0.023185  0.010042  0.000452  0.002512  0.000292  0.000419  0.000036  0.000446  0.000172  0.000341  0.000110  0.000136  0.000154  0.000154 
656: 0.022683  0.002825  0.001333  0.001090  0.000300  0.000525  0.000371  0.000398  0.000269  0.000085  0.000229  0.000124  0.000361  0.000127 
658: 0.019980  0.002432  0.004284  0.000764  0.001639  0.000853  0.000223  0.000082  0.000320  0.000210  0.000020  0.000303  0.000108  0.000078 
663: 0.025686  0.005579  0.004384  0.002723  0.001344  0.001014  0.000224  0.000467  0.000069  0.000837  0.000022  0.000272  0.000198  0.000209 
664: 0.017220  0.006741  0.001811  0.000942  0.001027  0.000087  0.000282  0.000129  0.000124  0.000248  0.000431  0.000149  0.000068  0.000125 
669: 0.022056  0.009777  0.001689  0.000902  0.000822  0.000136  0.000635  0.000359  0.000082  0.000100  0.000272  0.000206  0.000138  0.000273 
673: 0.027412  0.006188  0.002743  0.000373  0.000420  0.000859  0.000562  0.000404  0.000263  0.000083  0.000232  0.000152  0.000212  0.000090 
676: 0.031101  0.004676  0.002996  0.001601  0.000391  0.000156  0.000187  0.001288  0.000470  0.000496  0.000045  0.000349  0.000248  0.000053 
677: 0.024894  0.007054  0.001910  0.000381  0.000520  0.000980  0.000520  0.000759  0.000210  0.000569  0.000258  0.000236  0.000111  0.000159 
678: 0.030327  0.006043  0.002308  0.002595  0.001329  0.000616  0.001162  0.000305  0.000631  0.000344  0.000406  0.000287  0.000270  0.000124 
680: 0.022786  0.003595  0.000242  0.002593  0.001404  0.000399  0.000930  0.000355  0.000452  0.000102  0.000284  0.000120  0.000155  0.000108 
682: 0.021898  0.001742  0.002276  0.001921  0.000163  0.000086  0.000442  0.000549  0.000029  0.000206  0.000140  0.000117  0.000214  0.000100 
685: 0.017558  0.005284  0.002125  0.000862  0.000107  0.000907  0.000447  0.000245  0.000262  0.000082  0.000098  0.000039  0.000179  0.000095 
687: 0.039095  0.027659  0.001923  0.003553  0.000730  0.001150  0.000090  0.000262  0.000503  0.000498  0.000325  0.000614  0.000563  0.000382 
689: 0.031034  0.005173  0.004661  0.001026  0.000531  0.000632  0.000498  0.000255  0.000236  0.000412  0.000432  0.000314  0.000350  0.000352 
693: 0.029700  0.011415  0.000732  0.003359  0.000654  0.000856  0.000649  0.000462  0.000443  0.000399  0.000155  0.000482  0.000593  0.000283 
694: 0.020542  0.002810  0.002446  0.000810  0.000794  0.001122  0.000179  0.000134  0.000418  0.000351  0.000173  0.000108  0.000097  0.000081 
696: 0.016987  0.003707  0.002172  0.000518  0.000457  0.000076  0.000176  0.000187  0.000224  0.000365  0.000033  0.000194  0.000125  0.000079 
697: 0.030993  0.011248  0.002430  0.001184  0.001685  0.000774  0.000704  0.000661  0.000353  0.000234  0.000133  0.000032  0.000305  0.000094 
698: 0.023293  0.005028  0.004564  0.000351  0.002008  0.000864  0.000352  0.000129  0.000373  0.000246  0.000233  0.000258  0.000317  0.000156 
700: 0.012363  0.001098  0.003004  0.001021  0.001288  0.000340  0.000704  0.000373  0.000352  0.000185  0.000078  0.000245  0.000122  0.000070 
704: 0.017712  0.002397  0.001354  0.000751  0.001506  0.000455  0.000764  0.000632  0.000435  0.000262  0.000085  0.000146  0.000094  0.000028 
706: 0.028132  0.007366  0.001038  0.002209  0.000411  0.000462  0.000691  0.000245  0.000146  0.000316  0.000236  0.000229  0.000183  0.000095 
707: 0.024042  0.001950  0.000780  0.002531  0.000382  0.000348  0.001675  0.000540  0.000267  0.000504  0.000202  0.000147  0.000079  0.000392 
709: 0.023021  0.002802  0.002544  0.002856  0.002290  0.000972  0.000138  0.000071  0.000260  0.000190  0.000135  0.000032  0.000060  0.000280 
710: 0.020908  0.005318  0.003041  0.000356  0.000879  0.001272  0.000513  0.000386  0.000379  0.000164  0.000262  0.000155  0.000103  0.000097 
715: 0.021306  0.007415  0.003392  0.001430  0.001366  0.000346  0.000408  0.000171  0.000201  0.000073  0.000246  0.000241  0.000032  0.000140 
716: 0.025748  0.012185  0.003501  0.001718  0.000574  0.000460  0.000658  0.000760  0.000453  0.000424  0.000152  0.000192  0.000049  0.000097 
718: 0.016255  0.001946  0.000930  0.000825  0.002781  0.000475  0.000682  0.000196  0.000354  0.000660  0.000368  0.000158  0.000118  0.000143 
721: 0.029313  0.009870  0.006238  0.002044  0.001309  0.001335  0.000258  0.000089  0.000452  0.000517  0.000278  0.000071  0.000136  0.000138 
725: 0.019856  0.009062  0.000857  0.001197  0.001293  0.000459  0.000811  0.000865  0.000548  0.000093  0.000176  0.000075  0.000077  0.000103 
729: 0.023445  0.006597  0.000988  0.001950  0.001071  0.000497  0.000280  0.000234  0.000623  0.000087  0.000246  0.000123  0.000336  0.000038 
732: 0.018998  0.009063  0.001790  0.000893  0.000550  0.000796  0.001077  0.000115  0.000096  0.000216  0.000191  0.000149  0.000111  0.000062 
733: 0.027339  0.001040  0.005259  0.000458  0.001003  0.000547  0.000680  0.000334  0.000289  0.000129  0.000096  0.000044  0.000082  0.000037 
734: 0.018504  0.003491  0.003551  0.000877  0.000391  0.001145  0.000539  0.000233  0.000581  0.000273  0.000097  0.000140  0.000115  0.000127 
735: 0.040240  0.010742  0.006033  0.004400  0.001276  0.001710  0.000945  0.001105  0.000860  0.000927  0.000343  0.000372  0.000144  0.000328 
736: 0.023690  0.003333  0.003764  0.000741  0.000867  0.000748  0.000497  0.000327  0.000182  0.000069  0.000143  0.000086  0.000165  0.000111 
737: 0.019944  0.002926  0.000776  0.000945  0.000309  0.001308  0.000306  0.000146  0.000204  0.000279  0.000407  0.000189  0.000292  0.000042 
739: 0.022420  0.006276  0.002732  0.000646  0.000361  0.000726  0.000209  0.000162  0.000239  0.000027  0.000243  0.000071  0.000126  0.000019 
741: 0.023113  0.002910  0.000635  0.004391  0.000263  0.000566  0.000446  0.000378  0.000112  0.000337  0.000178  0.000169  0.000170  0.000162 
742: 0.016014  0.001171  0.001140  0.002285  0.002029  0.001469  0.000662  0.000695  0.000503  0.000248  0.000333  0.000197  0.000163  0.000211 
743: 0.021680  0.003566  0.000582  0.001738  0.000427  0.000514  0.000800  0.000332  0.000126  0.000085  0.000138  0.000119  0.000127  0.000230 
745: 0.025647  0.012304  0.001302  0.000622  0.000807  0.000484  0.000745  0.000544  0.000058  0.000175  0.000046  0.000042  0.000066  0.000086 
747: 0.039018  0.011773  0.001640  0.001566  0.000843  0.001330  0.000273  0.000374  0.000999  0.000595  0.001036  0.000279  0.000188  0.000189 
751: 0.037406  0.025787  0.003661  0.003420  0.001052  0.002153  0.000445  0.000505  0.000618  0.000370  0.000355  0.000223  0.000111  0.000269 
752: 0.019407  0.007984  0.001795  0.000502  0.002086  0.001428  0.000213  0.000276  0.000541  0.000294  0.000224  0.000191  0.000134  0.000199 
755: 0.023926  0.001101  0.001530  0.001570  0.000714  0.000236  0.000483  0.000566  0.000550  0.000286  0.000061  0.000074  0.000128  0.000115 
757: 0.024372  0.001470  0.001132  0.001876  0.000680  0.001052  0.000301  0.000596  0.000144  0.000280  0.000199  0.000426  0.000016  0.000078 
758: 0.016886  0.006483  0.001650  0.001269  0.001288  0.001475  0.001364  0.000764  0.000519  0.000459  0.000489  0.000167  0.000018  0.000036 
760: 0.021826  0.011551  0.001501  0.001484  0.000516  0.000379  0.000054  0.000331  0.000808  0.000173  0.000173  0.000382  0.000061  0.000265 
762: 0.016179  0.001929  0.001551  0.001042  0.000920  0.001105  0.000467  0.000126  0.000295  0.000478  0.000182  0.000130  0.000160  0.000125 
763: 0.022658  0.006072  0.002656  0.002477  0.001603  0.001777  0.000894  0.000409  0.000550  0.000529  0.000319  0.000529  0.000353  0.000131 
767: 0.028240  0.013581  0.001921  0.000368  0.002065  0.001876  0.000913  0.000899  0.000193  0.000433  0.000354  0.000249  0.000146  0.000030 
768: 0.023824  0.000186  0.005781  0.000659  0.000759  0.001569  0.000192  0.000776  0.000095  0.000442  0.000578  0.000250  0.000131  0.000132 
769: 0.003741  0.001068  0.000369  0.000519  0.000117  0.000037  0.000004  0.000114  0.000016  0.000058  0.000012  0.000018  0.000011  0.000026 
772: 0.015865  0.007872  0.001856  0.001313  0.000846  0.001324  0.000732  0.000322  0.000261  0.000210  0.000068  0.000019  0.000093  0.000013 
776: 0.015255  0.003935  0.001000  0.001411  0.000956  0.000630  0.000160  0.000460  0.000585  0.000228  0.000080  0.000089  0.000178  0.000047 
778: 0.013579  0.004577  0.001228  0.001360  0.000920  0.000933  0.000071  0.000532  0.000141  0.000366  0.000246  0.000545  0.000066  0.000094 
779: 0.020870  0.007849  0.003594  0.000780  0.002460  0.000745  0.000142  0.000587  0.000355  0.000369  0.000244  0.000108  0.000149  0.000190 
783: 0.023389  0.003140  0.001229  0.001506  0.001239  0.000511  0.000775  0.000201  0.000221  0.000028  0.000201  0.000169  0.000333  0.000107 
793: 0.023318  0.003656  0.003873  0.002217  0.000637  0.000568  0.000682  0.000230  0.000572  0.000336  0.000411  0.000336  0.000185  0.000078 
795: 0.020339  0.003795  0.000832  0.000479  0.000927  0.000895  0.001050  0.000255  0.000724  0.000476  0.000174  0.000255  0.000167  0.000229 
799: 0.021184  0.005350  0.003489  0.000547  0.001586  0.000466  0.000701  0.000223  0.000492  0.000174  0.000205  0.000095  0.000197  0.000155 
800: 0.019117  0.005455  0.001150  0.002749  0.001028  0.001426  0.000899  0.001086  0.000277  0.000229  0.000094  0.000050  0.000185  0.000180 
803: 0.015619  0.006608  0.000623  0.000642  0.000491  0.001220  0.000160  0.000314  0.000174  0.000204  0.000161  0.000250  0.000113  0.000024 
804: 0.012755  0.001431  0.002153  0.000524  0.000521  0.000822  0.000195  0.000459  0.000881  0.000283  0.000130  0.000079  0.000227  0.000132 
805: 0.020974  0.004285  0.001684  0.001030  0.001268  0.000801  0.000233  0.000242  0.000286  0.000440  0.000268  0.000206  0.000115  0.000356 
806: 0.018737  0.003812  0.001881  0.002133  0.001620  0.001167  0.000532  0.000398  0.000585  0.000417  0.000128  0.000059  0.000063  0.000070 
807: 0.027078  0.014670  0.002198  0.000939  0.000302  0.000109  0.000993  0.000298  0.000232  0.000841  0.000048  0.000239  0.000118  0.000240 
810: 0.027743  0.002899  0.001443  0.000795  0.000532  0.000142  0.001033  0.000450  0.000405  0.000218  0.000109  0.000032  0.000075  0.000176 
815: 0.028340  0.007594  0.003585  0.001268  0.000369  0.000777  0.000553  0.000034  0.000158  0.000198  0.000342  0.000247  0.000151  0.000108 
817: 0.023903  0.016295  0.002092  0.001791  0.001024  0.001248  0.000299  0.000940  0.000180  0.000375  0.000504  0.000138  0.000222  0.000396 
819: 0.015966  0.004359  0.001002  0.000874  0.001126  0.000750  0.001025  0.000467  0.000264  0.000249  0.000205  0.000121  0.000132  0.000039 
821: 0.022584  0.006488  0.004252  0.001805  0.000464  0.001297  0.000089  0.000644  0.000211  0.000106  0.000107  0.000333  0.000335  0.000142 
826: 0.017956  0.002260  0.001527  0.001704  0.001288  0.000944  0.000875  0.000730  0.000691  0.000337  0.000222  0.000121  0.000085  0.000129 
828: 0.018292  0.002107  0.003936  0.001138  0.001024  0.001081  0.000119  0.000091  0.000124  0.000270  0.000173  0.000048  0.000174  0.000086 
833: 0.018639  0.004609  0.001492  0.000229  0.001013  0.000384  0.000286  0.000737  0.000740  0.000217  0.000167  0.000063  0.000166  0.000088 
837: 0.017735  0.003066  0.000273  0.001007  0.000329  0.002696  0.000386  0.000863  0.000670  0.000361  0.000606  0.000275  0.000235  0.000222 
839: 0.016504  0.004073  0.000744  0.001191  0.001611  0.000909  0.001212  0.000365  0.000181  0.000296  0.000134  0.000107  0.000177  0.000126 
840: 0.016022  0.000991  0.001064  0.004063  0.000695  0.000645  0.001067  0.000587  0.001033  0.000117  0.000270  0.000173  0.000222  0.000109 
843: 0.017086  0.004994  0.002293  0.002130  0.000351  0.000384  0.000329  0.000740  0.000570  0.000081  0.000147  0.000259  0.000071  0.000041 
844: 0.027330  0.010383  0.002613  0.003040  0.003335  0.000929  0.001408  0.000245  0.000246  0.000437  0.000280  0.000137  0.000064  0.000298 
847: 0.014632  0.002052  0.000620  0.001894  0.001023  0.001273  0.001023  0.000328  0.000689  0.000018  0.000095  0.000259  0.000261  0.000207 
848: 0.017126  0.002926  0.002400  0.002778  0.001152  0.001340  0.001226  0.000664  0.000537  0.000396  0.000292  0.000093  0.000344  0.000255 
851: 0.019317  0.002042  0.002696  0.003210  0.001605  0.000564  0.000401  0.000418  0.000274  0.000035  0.000178  0.000171  0.000122  0.000101 
852: 0.030261  0.005693  0.010456  0.002318  0.001213  0.000868  0.000712  0.000452  0.000808  0.000822  0.000361  0.000213  0.000492  0.000189 
854: 0.018629  0.004134  0.001906  0.000914  0.001257  0.000312  0.000412  0.000184  0.000377  0.000446  0.000567  0.000328  0.000148  0.000160 
860: 0.013727  0.003813  0.000610  0.002803  0.001719  0.001234  0.000832  0.000107  0.000779  0.000228  0.000236  0.000219  0.000368  0.000257 
862: 0.019022  0.002853  0.005469  0.001783  0.000784  0.001188  0.001553  0.000615  0.000517  0.000435  0.000138  0.000134  0.000187  0.000114 
864: 0.020487  0.001788  0.000606  0.002214  0.000523  0.002032  0.000559  0.000775  0.000346  0.000211  0.000227  0.000133  0.000071  0.000255 
865: 0.024766  0.008485  0.004097  0.001951  0.000201  0.000924  0.001051  0.000688  0.000197  0.000339  0.000212  0.000163  0.000171  0.000186 
866: 0.016633  0.003269  0.001270  0.001000  0.001901  0.000866  0.000783  0.001106  0.000110  0.000379  0.000092  0.000234  0.000032  0.000157 
868: 0.017451  0.005004  0.001740  0.002507  0.002511  0.001074  0.001061  0.000375  0.000098  0.000116  0.000119  0.000406  0.000142  0.000135 
870: 0.013183  0.002844  0.001676  0.003531  0.000792  0.000474  0.000868  0.000512  0.000923  0.000478  0.000631  0.000203  0.000137  0.000269 
872: 0.021924  0.002910  0.001828  0.002359  0.001104  0.000389  0.001474  0.000727  0.000281  0.000594  0.000107  0.000148  0.000096  0.000026 
875: 0.021346  0.004497  0.004660  0.001466  0.000396  0.000616  0.000773  0.000939  0.000287  0.000135  0.000213  0.000117  0.000086  0.000184 
878: 0.016964  0.001819  0.001247  0.002639  0.001231  0.000291  0.000315  0.000388  0.000134  0.000578  0.000134  0.000264  0.000106  0.000084 
883: 0.019905  0.010886  0.001634  0.001233  0.001591  0.001019  0.000445  0.000339  0.000346  0.000103  0.000254  0.000259  0.000144  0.000293 
893: 0.017137  0.009902  0.001028  0.000901  0.000799  0.000378  0.000704  0.000729  0.000252  0.000064  0.000068  0.000365  0.000263  0.000245 
898: 0.013478  0.004523  0.001863  0.001543  0.001074  0.000439  0.000514  0.001001  0.001024  0.000150  0.000136  0.000090  0.000309  0.000211 
901: 0.028442  0.027707  0.001918  0.003156  0.000488  0.001436  0.000360  0.000836  0.000473  0.000533  0.000261  0.000287  0.000111  0.000285 
904: 0.020593  0.005193  0.000808  0.001619  0.002196  0.000338  0.000940  0.000161  0.000121  0.000152  0.000265  0.000140  0.000119  0.000125 
905: 0.017074  0.006080  0.001856  0.001577  0.001004  0.001431  0.000519  0.000564  0.000352  0.000176  0.000270  0.000221  0.000111  0.000090 
909: 0.016804  0.006252  0.000309  0.001268  0.000577  0.000698  0.001785  0.000036  0.000050  0.000371  0.000184  0.000353  0.000458  0.000078 
917: 0.018362  0.004589  0.003608  0.000551  0.002896  0.000439  0.001221  0.000221  0.001080  0.000784  0.000278  0.000265  0.000118  0.000098 
925: 0.017351  0.004538  0.001253  0.000354  0.001566  0.001509  0.000216  0.000808  0.000697  0.000314  0.000046  0.000251  0.000154  0.000114 
927: 0.013425  0.000915  0.001716  0.001189  0.000329  0.001186  0.000571  0.000376  0.000522  0.000064  0.000371  0.000124  0.000210  0.000085 
932: 0.016873  0.008479  0.001295  0.000592  0.001806  0.001089  0.000981  0.000250  0.000127  0.000567  0.000158  0.000199  0.000269  0.000147 
934: 0.014113  0.005617  0.001645  0.000516  0.001072  0.001915  0.000958  0.000803  0.000326  0.000304  0.000231  0.000317  0.000206  0.000251 
936: 0.015603  0.004018  0.000365  0.001500  0.001008  0.002108  0.000613  0.000893  0.000371  0.000305  0.000172  0.000032  0.000179  0.000091 
937: 0.014515  0.004392  0.001145  0.000990  0.001122  0.000673  0.002002  0.000208  0.000090  0.000156  0.000128  0.000259  0.000194  0.000114 
943: 0.011866  0.000346  0.000650  0.001124  0.000439  0.000744  0.001440  0.000631  0.000606  0.000198  0.000544  0.000183  0.000213  0.000238 
945: 0.018554  0.006688  0.004197  0.001725  0.001147  0.002141  0.000565  0.000650  0.000612  0.000181  0.000331  0.000152  0.000227  0.000082 
948: 0.027303  0.004866  0.001717  0.001576  0.001125  0.000018  0.000339  0.000017  0.000149  0.000131  0.000442  0.000029  0.000203  0.000265 
954: 0.016525  0.000812  0.003271  0.001524  0.000747  0.000966  0.000644  0.000462  0.000575  0.000337  0.000257  0.000342  0.000065  0.000022 
955: 0.030821  0.012260  0.001697  0.002417  0.000634  0.002053  0.000223  0.000889  0.000636  0.000205  0.000510  0.000340  0.000258  0.000082 
959: 0.017498  0.005475  0.003343  0.000345  0.001512  0.001569  0.000736  0.000576  0.000516  0.000448  0.000467  0.000072  0.000148  0.000135 
960: 0.014857  0.010210  0.000382  0.000754  0.001141  0.000493  0.000341  0.000264  0.000054  0.000146  0.000158  0.000458  0.000201  0.000046 
964: 0.013555  0.003053  0.002290  0.001041  0.001372  0.001611  0.000457  0.001191  0.000609  0.000245  0.000383  0.000147  0.000351  0.000190 
965: 0.039131  0.039171  0.000681  0.003887  0.001285  0.001919  0.000363  0.000945  0.000381  0.000194  0.000432  0.000167  0.000183  0.000306 
974: 0.020954  0.004807  0.000348  0.002386  0.001207  0.000206  0.001606  0.000490  0.000326  0.000583  0.000333  0.000134  0.000226  0.000200 
976: 0.016491  0.000952  0.000332  0.001623  0.001159  0.000539  0.000426  0.000201  0.000248  0.000237  0.000329  0.000162  0.000255  0.000172 
981: 0.028493  0.007756  0.002819  0.000964  0.001517  0.000462  0.000631  0.000298  0.000888  0.000458  0.000317  0.000289  0.000234  0.000167 
993: 0.018654  0.007085  0.001718  0.000668  0.000463  0.000311  0.000675  0.000217  0.000243  0.000195  0.000103  0.000077  0.000251  0.000139 
994: 0.015642  0.006218  0.000387  0.000905  0.001350  0.000271  0.000396  0.000277  0.000256  0.000457  0.000572  0.000148  0.000184  0.000091 
1006: 0.019696  0.004806  0.003318  0.002787  0.001768  0.000350  0.000103  0.000687  0.000071  0.000133  0.000157  0.000044  0.000269  0.000160 
1007: 0.022252  0.002297  0.001126  0.000480  0.001176  0.000420  0.000691  0.000082  0.000368  0.000139  0.000376  0.000221  0.000170  0.000155 
1008: 0.028761  0.004462  0.002622  0.002475  0.000708  0.000405  0.000535  0.000426  0.000392  0.000395  0.000051  0.000134  0.000181  0.000114 
1013: 0.021622  0.005978  0.000881  0.000646  0.000429  0.000701  0.000717  0.000433  0.000187  0.000051  0.000340  0.000059  0.000303  0.000069 
1014: 0.033374  0.021600  0.001461  0.003738  0.002237  0.001196  0.000436  0.001054  0.000572  0.000133  0.000632  0.000281  0.000358  0.000566 
